[General]
f_belt = 700
v_belt = 1.4
d_roller = 240
efficiency_total = 0.8587
efficiency_belt = 0.96
efficiency_bearing = 0.99
efficiency_gear = 0.97
efficiency_coupling = 0.99
efficiency_roller = 0.96
high_motorspeed_tag = 1

[EM]
p_work = 0.9799999999999999
p_output = 1.1412600442529404
n_d = 1500
n_work = 1400
p_scheduled = 1.1412600442529404

[Belt]
k_a = 1.1
belt_type = Z
p_design = 1.2553860486782344
p_single_belt = 0.37
delta_p = 0.03
k_len = 0.96
k_alpha = 0.95
d_small = 90.0
d_large = 265.0
alpha_small = 159.40494366016864
alpha_large = 0.0
center_distance = 486.88868991373255
belt_base_len = 625.0
belt_sum = 4.0
mass_per_unit = 0.06
belt_speed = 6.5973445725385655
f_pull_0 = 41.41994186843837
f_q = 326.02224435220745
d_small_wheel_shaft = 11
d_large_wheel_shaft = 15
l_small_wheel = 19.0
l_large_wheel = 26.0

[Machine]
i_total = 12.56637061435917
i_belt = 2.995993826805481
i_gear = 4.194391357527674
n_motor = 1400
n_highspeed = 467.2906824687182
n_lowspeed = 111.40846016432674
n_output = 111.40846016432674
p_motor = 1.1412600442529404
p_highspeed = 1.0956096424828228
p_lowspeed = 1.0521139396762547
p_output = 1.0311768722766972
t_motor = 7.7850238732968435
t_highspeed = 22.390928127293414
t_lowspeed = 90.18783770180433
t_output = 88.39309973153841

