[General]
f_belt = 680.0
v_belt = 1.32
d_roller = 230.0
efficiency_total = 0.67531394214144
efficiency_belt = 0.92
efficiency_bearing = 0.93
efficiency_gear = 0.96
efficiency_coupling = 0.98
efficiency_roller = 0.97
high_motorspeed_tag = 1
work_time_everyday = 15.0
heavy_load_tag = 0.0
load_change_level = 1

[EM]
p_work = 0.8976000000000001
p_output = 1.3291595863602113
n_d = 1500
n_work = 1400
p_scheduled = 1.3291595863602113

[Gear]
highspeed_gear_material = 45 quenched and tempered
lowspeed_gear_material = 45 normalizing
d_highspeed = 87.5
d_lowspeed = 371.0
z_highspeed = 25
z_lowspeed = 106.0
m = 3.5
center_distance = 229.25
b_highspeed = 95.0
b_lowspeed = 88.0
addendum_height = 3.5
bottom_clearance = 0.875
height = 7.875
base_circle_d_high = 82.22310431876699
base_circle_d_low = 348.62596231157204
addendum_circle_d_high = 94.5
addendum_circle_d_low = 378.0
root_d_high = 78.75
root_d_low = 362.25
pitch = 10.995574287564276
tooth_thickness = 5.497787143782138
spacewidth = 5.497787143782138
d_gear_shaft_low = 37
d_gear_shaft_high = 28.0

[Belt]
k_a = 1.1
belt_type = Z
p_design = 1.4620755449962326
p_single_belt = 0.37
delta_p = 0.03
k_len = 0.96
k_alpha = 0.95
d_small = 90.0
d_large = 265.0
alpha_small = 159.40494366016864
alpha_large = 0.0
center_distance = 486.88868991373255
belt_base_len = 625.0
belt_sum = 5.0
mass_per_unit = 0.06
belt_speed = 6.5973445725385655
f_pull_0 = 38.7698585022613
f_q = 381.453827309575
d_small_wheel_shaft = 12
d_large_wheel_shaft = 16
l_small_wheel = 21.0
l_large_wheel = 28.0

[Shaft]
high_shaft_cal_d = 15.655525055341538
low_shaft_cal_d = 24.399128651536483
high_shaft_design_d = 0.0
low_shaft_design_d = 0.0
high_shaft_standard_d = 16
low_shaft_standard_d = 25
d_high_1 = 16
d_high_2 = 20
d_high_3 = 25
d_high_4 = 29
d_high_5 = 37.0
d_high_6 = 25
len_high_1 = 26.0
len_high_2 = 38.3
len_high_3 = 34.0
len_high_4 = 35.0
len_high_5 = 6.0
len_high_6 = 0.0
d_low_1 = 25
d_low_2 = 29
d_low_3 = 30
d_low_4 = 34
d_low_5 = 42.0
d_low_6 = 30
len_low_1 = 25
len_low_2 = 38.3
len_low_3 = 35.0
len_low_4 = 41.0
len_low_5 = 6.0
len_low_6 = 0.0
bearing_id_high = 6005
bearing_id_low = 6006
bearing_high_d = 47
bearing_low_d = 55
bearing_high_t = 12
bearing_low_t = 13
bearing_cover_high_d = 87.0
bearing_cover_low_d = 95.0
coupling_type_low = LX1
coupling_l_low = 32
coupling_l1_low = 27

[Machine]
i_total = 12.772636798685776
i_belt = 3.02048208057278
i_gear = 4.228674912801892
n_motor = 1400
n_highspeed = 463.50217040006913
n_lowspeed = 109.3165496226578
n_output = 109.3165496226578
p_motor = 1.3291595863602113
p_highspeed = 1.2228268194513945
p_lowspeed = 1.0917397844062051
p_output = 0.9950116395078153
t_motor = 9.066767178385728
t_highspeed = 25.195127167756354
t_lowspeed = 95.375448429981
t_output = 86.92518369908468
base_wall_thickness = 8
hood_wall_thickness = 8
base_flange_thickness = 12.0
hood_flange_thickness = 12.0
foundation_flange_thickness = 20.0
base_rib_thickness = 7.0
hood_rib_thickness = 7.0
boss_height = 
boss_radius = 18.0
foundation_bolt_d = 20
foundation_bolt_n = 4
foundation_bolt_pth_d = 25
foundation_bolt_seat_d = 48
foundation_flange_c1 = 30
foundation_flange_c2 = 25
bearing_connection_bolt_d = 16.0
bearing_connection_bolt_pth_d = 17.5
bearing_connection_bolt_seat_d = 33.0
bearing_connection_flange_c1 = 22.0
bearing_connection_flange_c2 = 20.0
shell_connection_bolt_d = 14.0
shell_connection_bolt_pth_d = 15.5
shell_connection_bolt_seat_d = 30.0
shell_connection_flange_c1 = 20.0
shell_connection_flange_c2 = 18.0
dowel_pin_d = 10.0
bearing_cover_bolt_d = 8.0
seeker_cover_bolt_d = 27.0
length_1 = 44.0
length_2 = 52.0
delta_1 = 10.0
delta_2 = 10

