[General]
f_belt = 700
v_belt = 1.4
d_roller = 240
efficiency_total = 0.8587
efficiency_belt = 0.96
efficiency_bearing = 0.99
efficiency_gear = 0.97
efficiency_coupling = 0.99
efficiency_roller = 0.96
high_motorspeed_tag = 1

[EM]
p_work = 0.9799999999999999
p_output = 1.1412600442529404
n_d = 1500
n_work = 1400
p_scheduled = 1.5

[Machine]
i_total = 12.56637061435917
i_belt = 4.194391357527674
i_gear = 2.995993826805481
n_motor = 1400
n_highspeed = 333.7790589062273
n_lowspeed = 111.40846016432675
n_output = 111.40846016432675
p_motor = 1.5
p_highspeed = 1.44
p_lowspeed = 1.3828319999999998
p_output = 1.3142435327999997
t_motor = 10.232142857142858
t_highspeed = 41.200907106228975
t_lowspeed = 118.53718811409085
t_output = 112.65774358363194

