[General]
f_belt = 700.0
v_belt = 1.4
d_roller = 240.0
efficiency_total = 0.8587267243315199
efficiency_belt = 0.96
efficiency_bearing = 0.99
efficiency_gear = 0.97
efficiency_coupling = 0.99
efficiency_roller = 0.96
high_motorspeed_tag = 1
work_time_everyday = 16.0
heavy_load_tag = 0
load_change_level = 0

[EM]
p_work = 0.9799999999999999
p_output = 1.1412245272358164
n_d = 1500
n_work = 1400
p_scheduled = 1.1412245272358164

[Gear]
highspeed_gear_material = 45 quenched and tempered
lowspeed_gear_material = 45 normalizing
d_highspeed = 87.5
d_lowspeed = 367.5
z_highspeed = 25
z_lowspeed = 105.0
m = 3.5
center_distance = 227.5
b_highspeed = 95.0
b_lowspeed = 88.0
addendum_height = 3.5
bottom_clearance = 0.875
height = 7.875
base_circle_d_high = 82.22310431876699
base_circle_d_low = 345.33703813882136
addendum_circle_d_high = 94.5
addendum_circle_d_low = 374.5
root_d_high = 78.75
root_d_low = 358.75
pitch = 10.995574287564276
tooth_thickness = 5.497787143782138
spacewidth = 5.497787143782138
d_gear_shaft_low = 36
d_gear_shaft_high = 27.0

[Belt]
k_a = 1.1
belt_type = Z
p_design = 1.2553469799593981
p_single_belt = 0.37
delta_p = 0.03
k_len = 0.96
k_alpha = 0.95
d_small = 90.0
d_large = 265.0
alpha_small = 159.40494366016864
alpha_large = 0.0
center_distance = 486.88868991373255
belt_base_len = 625.0
belt_sum = 4.0
mass_per_unit = 0.06
belt_speed = 6.5973445725385655
f_pull_0 = 41.418734115484654
f_q = 326.0127379571998
d_small_wheel_shaft = 11
d_large_wheel_shaft = 15
l_small_wheel = 19.0
l_large_wheel = 26.0

[Shaft]
high_shaft_cal_d = 15.051564569902569
low_shaft_cal_d = 23.958909796750728
high_shaft_design_d = 0.0
low_shaft_design_d = 0.0
high_shaft_standard_d = 16
low_shaft_standard_d = 24
d_high_1 = 16
d_high_2 = 20
d_high_3 = 25
d_high_4 = 29
d_high_5 = 37.0
d_high_6 = 25
len_high_1 = 24.0
len_high_2 = 38.3
len_high_3 = 34.0
len_high_4 = 35.0
len_high_5 = 6.0
len_high_6 = 0.0
d_low_1 = 24
d_low_2 = 28
d_low_3 = 30
d_low_4 = 34
d_low_5 = 42.0
d_low_6 = 30
len_low_1 = 25
len_low_2 = 38.3
len_low_3 = 35.0
len_low_4 = 41.0
len_low_5 = 6.0
len_low_6 = 0.0
bearing_id_high = 6005
bearing_id_low = 6006
bearing_high_d = 47
bearing_low_d = 55
bearing_high_t = 12
bearing_low_t = 13
bearing_cover_high_d = 87.0
bearing_cover_low_d = 95.0
coupling_type_low = LX1
coupling_l_low = 32
coupling_l1_low = 27

[Machine]
i_total = 12.56637061435917
i_belt = 2.995993826805481
i_gear = 4.194391357527674
n_motor = 1400
n_highspeed = 467.2906824687182
n_lowspeed = 111.25968630207576
n_output = 111.25968630207576
p_motor = 1.1412245272358164
p_highspeed = 1.0955755461463836
p_lowspeed = 1.052081196964372
p_output = 1.031144781144781
t_motor = 7.784781596501461
t_highspeed = 22.390231301901405
t_lowspeed = 90.30562430070682
t_output = 88.50854237712277
base_wall_thickness = 8
hood_wall_thickness = 8
base_flange_thickness = 12.0
hood_flange_thickness = 12.0
foundation_flange_thickness = 20.0
base_rib_thickness = 7.0
hood_rib_thickness = 7.0
boss_height = 
boss_radius = 18.0
foundation_bolt_d = 20
foundation_bolt_n = 4
foundation_bolt_pth_d = 25
foundation_bolt_seat_d = 48
foundation_flange_c1 = 30
foundation_flange_c2 = 25
bearing_connection_bolt_d = 16.0
bearing_connection_bolt_pth_d = 17.5
bearing_connection_bolt_seat_d = 33.0
bearing_connection_flange_c1 = 22.0
bearing_connection_flange_c2 = 20.0
shell_connection_bolt_d = 14.0
shell_connection_bolt_pth_d = 15.5
shell_connection_bolt_seat_d = 30.0
shell_connection_flange_c1 = 20.0
shell_connection_flange_c2 = 18.0
dowel_pin_d = 10.0
bearing_cover_bolt_d = 8.0
seeker_cover_bolt_d = 27.0
length_1 = 44.0
length_2 = 52.0
delta_1 = 10.0
delta_2 = 10

